12.422676
13.815873
15.063946
16.253968
17.342404
18.648526
19.896599
20.854422
21.188209
21.812245
22.436281
23.045805
23.669841
24.279365
24.917914
25.527438
26.180499
26.790023
27.094785
27.428571
28.038095
28.662132
29.257143
29.881179
30.519728
30.780952
31.129252
31.753288
32.348299
33.001361
33.291610
33.639909
34.249433
34.873469
35.497506
35.787755
36.136054
36.760091
37.369615
37.979138
38.617687
39.212698
39.546485
39.865760
41.142857
41.563719
41.810431
42.390930
43.014966
43.189116
43.624490
44.263039
44.887075
45.540136
45.801361
46.149660
46.759184
47.397732
48.007256
48.645805
49.255329
49.531066
49.850340
50.097052
50.488889
50.779138
51.156463
51.765986
52.390023
53.028571
53.638095
54.247619
54.871655
55.553741
56.134240
56.758277
57.367800
58.020862
58.644898
59.239909
59.559184
59.892971
60.517007
60.778231
61.126531
61.779592
62.098866
62.418141
63.303401
63.637188
64.246712
64.870748
65.538322
65.814059
66.147846
67.047619
67.366893
68.629478
69.253515
69.558277
69.892063
70.196825
70.516100
70.820862
71.169161
72.068934
72.388209
73.287982
73.636281
74.274830
74.884354
75.508390
76.132426
76.800000
77.395011
77.990023
78.657596
79.223583
79.876644
80.819955
81.139229
82.039002
82.372789
83.345125
83.649887
84.506122
84.839909
85.812245
86.117007
87.045805
87.365079
88.293878
88.642177
89.570975
89.890249
90.528798
91.138322
92.415420