20.317460
20.578685
21.246259
22.465306
23.814966
25.498413
26.891610
28.226757
29.561905
30.751927
31.840363
33.625397
34.205896
34.858957
36.121542
37.384127
38.632200
39.880272
40.925170
41.171882
43.319728
43.639002
44.887075
46.120635
47.368707
48.660317
49.255329
49.531066
49.864853
51.141950
52.404535
53.725170
54.929705
56.250340
57.498413
58.717460
59.544671
59.863946
61.155556
62.055329
62.360091
63.288889
63.608163
64.217687
64.856236
65.523810
66.438095
66.728345
67.671655
68.005442
68.643991
68.948753
69.239002
69.558277
69.877551
70.182313
70.501587
70.806349
71.125624
72.068934
72.388209
73.636281
74.289342
74.913379
75.813152
76.132426
77.365986
78.643084
79.949206
82.082540
82.358277
83.635374
84.854422
86.117007
87.423129
88.642177
89.919274
91.109297