6.487075
7.720635
9.607256
12.059864
13.931973
15.775057
17.124717
18.387302
19.678912
20.912472
22.146032
23.336054
24.627664
25.875737
26.165986
26.485261
27.399546
27.733333
28.386395
29.039456
29.648980
30.897052
32.116100
33.436735
34.684807
35.947392
37.137415
38.400000
39.648073
40.896145
42.129705
43.392290
44.596825
45.873923
47.063946
48.399093
49.589116
50.822676
51.127438
52.085261
53.289796
53.609070
54.639456
55.960091
56.177778
57.092063
58.369161
58.630385
59.689796
60.879819
61.155556
62.040816
64.068452
64.286139
64.605413
64.895662
65.214937
65.897023
66.550084
67.159608
67.769132
68.393168
69.017204
69.670266
69.931490
70.831263
71.484325
72.122873
72.775935
73.399971
74.009495
74.648043
75.257567
75.881603
76.505640
77.129676
77.753712
78.392261
78.653486
78.972760
79.611309
80.249857
80.859381
81.497930
82.136479
82.746003
83.341014
84.008588
84.298837
84.618111
85.256660
85.880696
86.504733
87.128769
87.389993
87.709268
88.318792
88.986365
89.624914
89.857114
90.176388
90.858474
91.467998
92.092034
92.367771
92.716071