3.366893
3.976417
4.571429
5.151927
5.732426
6.298413
6.849887
7.459410
8.025397
8.605896
9.200907
9.781406
10.347392
10.898866
11.450340
12.059864
12.669388
13.249887
13.859410
14.439909
14.991383
15.557370
16.137868
16.747392
17.327891
17.893878
18.459864
18.808163
19.069388
19.330612
19.606349
19.882086
20.201361
21.376871
22.581406
23.727891
24.888889
26.093424
27.268934
27.849433
28.400907
28.995918
29.576417
30.185941
30.780952
31.912925
32.507937
33.131973
33.697959
34.249433
34.815420
35.424943
36.571429
37.746939
38.980499
40.097959
41.346032
42.463492
43.609977
44.234014
45.365986
46.483447
47.209070
47.455782
47.731519
47.992744
48.297506
49.458503
50.706576
51.954649
53.144671
54.262132
55.423129
56.308390
57.106576
58.006349
58.862585
59.486621
60.052608
60.705669
61.315193
61.939229
62.534240
63.129252
63.680726
64.290249
64.870748
65.465760
66.089796
66.699320
67.279819
68.339229
68.948753
69.587302
70.167800
70.458050
70.762812
71.328798
71.619048
71.938322
72.562358
72.852608
73.171882
73.433107
73.752381
74.028118
74.332880
74.942404
75.232653
75.668027
75.856689
76.161451
76.437188
76.727438
77.307937
77.612698
77.917460
78.207710
78.512472
78.788209
79.121995
79.702494
80.297506
80.616780
81.443991
82.097052
82.706576
83.287075
83.896599
84.448073
85.057596
85.638095
86.233107
86.799093
87.394104
87.974603
88.598639
89.193651
89.788662
90.383673
90.949660
91.530159
92.139683
92.705669
93.300680