16.196554
17.589752
18.895874
20.172972
21.435557
22.770704
24.062314
25.440999
26.761634
28.082269
29.330341
31.245987
31.579774
31.870024
33.655058
34.293607
35.541679
36.760727
37.050976
37.370251
37.660500
37.979774
39.242359
39.822858
40.461407
41.070931
41.694967
42.304491
42.943040
43.567076
44.191112
44.815148
45.439185
46.063221
46.658232
47.253244
47.877280
48.501316
49.096328
49.734876
50.373425
50.620137
51.563448
52.782495
54.030568
55.264128
56.831475
57.150749
57.774786
59.269570
59.603357
59.893607
60.532155
61.170704
61.489978
62.143040
62.723539
63.347575
63.623312
63.942586
64.581135
65.190659
65.800182
66.090432
66.409706
66.728981
67.048255
67.323992
67.672291
69.210613
69.500863
71.619684
71.953470
72.258232
72.592019
73.216056
73.840092
74.464128
75.102677
75.726713
76.336237
76.974786
77.569797
78.193833
78.817870
79.427393
80.051430
80.660953
81.255965
81.517189
82.054151
82.518550
83.099049
83.723085
83.969797
84.651883
84.971158
86.190205
86.843266
87.452790
88.076826
88.715375
89.339412
89.963448
90.543947
91.182495
91.821044
92.096781
92.416056