13.554649
16.137868
18.648526
21.246259
23.524717
25.512925
27.501134
29.329705
31.506576
31.782313
33.683447
34.292971
35.613605
36.731066
37.035828
37.355102
37.659864
37.964626
39.227211
40.446259
41.679819
43.029478
44.335601
45.467574
46.628571
47.818594
49.066667
50.358277
51.606349
52.825397
54.058957
54.682993
55.248980
56.859864
57.135601
57.774150
58.978685
60.212245
61.431293
62.737415
63.956463
65.190023
66.394558
67.686168
69.166440
69.485714
70.225850
71.619048
71.938322
72.257596
72.576871
73.824943
75.377778
76.945125
78.309297
79.949206
81.269841
81.545578
82.184127
82.488889
83.736961
84.390023
84.970522
86.233107
87.466667
88.729252
89.977324
91.196372
92.458957