5.500227
7.343311
8.576871
9.708844
11.508390
12.770975
13.990023
15.354195
17.792290
18.401814
18.996825
19.606349
19.911111
21.115646
22.291156
23.495692
24.700227
25.875737
27.109297
28.284807
29.547392
30.809977
31.941950
32.072562
32.522449
32.638549
33.088435
34.321995
35.570068
36.731066
37.892063
39.082086
40.257596
41.418594
42.594104
43.885714
45.177324
46.410884
47.557370
48.689342
49.908390
51.098413
51.243537
51.693424
51.824036
52.288435
53.478458
54.726531
55.902041
56.032653
56.468027
56.613152
57.063039
58.311111
59.530159
61.010431
61.605442
62.200454
62.766440
63.085714
64.261224
65.509297
66.699320
67.787755
69.021315
70.269388
71.488435
72.678458
73.868481
75.116553
75.232653
75.697052
75.827664
76.277551
77.540136
78.759184
79.905669
80.108844
82.314739
82.459864
82.779138
82.909751
83.040363
83.359637
83.504762
83.896599
84.041723
84.346485
84.506122
84.709297
86.421769
87.684354
88.888889
89.498413
90.107937
90.717460
91.312472
91.892971
92.023583
92.342857
92.473469