10.347392
11.566440
12.727438
13.917460
15.121995 
16.370068
17.458503
18.169615
18.938776
19.606349
21.086621
22.407256
23.684354
24.816327
26.049887
27.181859
28.270295
29.474830
30.679365
31.927438
32.072562
33.131973
34.321995
35.526531
36.687528
36.847166
37.892063
39.125624
40.301134
41.505669
42.695692
43.900227
45.090249
46.323810
46.454422
46.918821
47.049433
47.542857
48.718367
49.966440
51.098413
51.243537
51.707937
51.838549
52.288435
53.478458
54.697506
55.873016
57.106576
58.282086
59.515646
60.966893
61.576417
62.200454
62.809977
63.085714
64.304762
65.509297
66.684807
67.918367
69.108390
70.269388
71.517460
71.648073
72.721995
72.852608
73.955556
74.086168
75.116553
75.247166
75.682540
75.798639
76.277551
77.525624
78.730159
78.846259
79.905669
82.329252
82.459864
82.750113
82.880726
83.374150
84.738322
84.897959
85.072109
85.217234
85.376871
87.118367
87.248980
88.279365
88.424490
89.512925
90.078912
90.717460
91.283447
91.892971
92.009070
93.053968
93.199093
93.489342
93.648980
93.968254
95.680726
96.682086
97.886621
99.337868
99.976417
100.571429
101.166440
102.646712
103.865760
105.099320
106.289342
107.493878
108.683900
109.859410
111.121995
111.252608
112.326531
112.457143
113.487528
113.618141
114.068027
114.213152
114.648526
115.896599
116.027211
117.086621
117.217234
118.291156
118.421769
118.857143
119.016780
120.656689
120.816327
121.904762
122.049887
122.209524
123.094785
123.254422
123.414059
124.386395
124.531519
124.705669
125.648980
125.808617
125.968254
126.926077
127.085714
127.230839
129.088435
130.278458
131.468481
132.643991
132.789116
133.253515
133.384127
133.848526
135.053061
135.212698
136.301134
136.446259
137.462132
137.607256
138.057143
138.216780
138.623129
139.856689
141.090249
142.541497
143.136508
143.775057
144.384580
144.660317
145.879365
147.098413
148.317460
149.478458
150.712018
152.177778
152.758277
153.353288
153.962812
154.253061
154.717460
154.891610
155.486621
155.907483
156.067120
156.691156
157.126531
157.286168
157.881179
158.243991
158.389116
159.100227
159.535601
159.680726
160.290249
160.783673
160.928798
161.494785
162.075283
162.713832
163.889342
165.093878
166.269388
166.400000
166.878912
167.009524
167.459410
168.678458
168.809070
169.868481
169.999093
171.058503
171.900227
172.538776
173.162812
173.438549
174.686621
175.876644
176.007256
177.081179
178.256689
178.416327
179.504762
180.665760
180.810884
181.884807
183.089342
184.308390
185.469388
185.600000
186.078912
186.209524
186.688435
187.878458
189.126531
190.287528
190.418141
190.868027
191.535601
192.087075
192.696599