13.583673
16.312018
19.054875
20.477098
21.841270
23.234467
24.555102
25.904762
27.936508
28.270295
28.604082
29.619955
29.968254
30.635828
31.317914
32.667574
34.089796
35.395918
36.687528
38.037188
39.357823
40.736508
42.144218
43.479365
44.843537
46.135147
47.397732
48.747392
49.037642
49.385941
50.039002
50.706576
51.025850
51.359637
52.056236
52.723810
53.347846
53.971882
54.639456
55.365079
56.729252
58.006349
58.717460
59.022222
59.675283
59.951020
60.720181
61.997279
63.390476
64.682086
65.959184
66.278458
66.612245
67.352381
68.019955
69.398639
71.343311
72.692971
74.115193
75.566440
77.278912
78.918821
80.616780
81.951927
83.388662
84.636735
85.304308
85.957370
86.639456
87.263492
88.627664
89.208163
89.556463
89.919274