13.599865
16.371747
19.114604
21.857461
24.556781
27.227075
29.984445
31.943629
33.525488
34.730023
35.978096
37.313243
38.706441
40.056100
41.376735
42.755420
44.090568
45.425715
46.775375
48.183085
50.040681
50.737280
52.014377
52.377189
52.696463
53.451112
54.046123
54.699184
55.410295
56.730930
58.037053
59.357688
60.721860
61.984445
63.334105
64.683765
65.975375
66.352699
66.628436
67.296010
67.629797
67.949071
68.645670
69.284218
69.966305
70.648391
71.301452
71.635239
71.940001
72.622087
72.926849
73.275148
73.971747
74.653833
75.335919
75.974468
76.583992
76.903266
77.237053
77.904626
78.252926
78.601225
79.326849
80.023447
80.749071
81.344082
81.924581
82.243856
82.548617
83.303266
83.593515
83.883765
84.609388
85.247937
85.900998
86.597597
87.308708
87.947257
88.614831
89.935465
90.588527
91.285125